ObjectNo Epoch X-coord Y-coord RA Dec p error_p Theta q error_q u error_u mag error_mag
7.0 0.0 728.6 528.2 283.86868 73.91612 0.05924 0.02182 -85.2790382273 -0.05843 0.0219845036332 -0.00972 0.0252895946982 17.24697 0.15046
7.0 1.0 727.4 530.0 283.86845 73.91619 0.06655 0.0272 -79.6354039452 -0.06224 0.02676 -0.02356 0.03013 17.05624 0.13743
7.0 3.0 724.9 525.0 283.86851 73.91612 0.0629 0.02322 83.4799507506 -0.06127 0.02294 0.01419 0.02795 17.18409 0.16827
7.0 4.0 721.9 526.0 283.86852 73.91607 0.05366 0.02093 -70.015442565 -0.04112 0.019 -0.03447 0.0234 17.2406 0.16011
7.0 5.0 722.9 525.2 283.86812 73.91612 0.0824 0.02646 87.8802666172 -0.08217 0.02642 0.0061 0.03263 17.03193 0.15397
7.0 9.0 727.1 533.1 283.86829 73.91617 0.0678 0.02117 -67.0818986539 -0.04724 0.01835 -0.04864 0.02351 17.31037 0.15169
7.0 16.0 723.4 525.2 283.8686 73.91609 0.05725 0.02135 -78.36343764 -0.05259 0.02069 -0.02262 0.02462 17.30912 0.17501
7.0 23.0 725.6 530.5 283.86857 73.91616 0.08816 0.02171 -79.0624461501 -0.08181 0.02114 -0.03285 0.02498 17.48009 0.18213
7.0 25.0 722.9 525.0 283.86856 73.91614 0.08948 0.02347 -87.2729313543 -0.08908 0.02339 -0.00851 0.03082 17.39507 0.23782
