ObjectNo Epoch X-coord Y-coord RA Dec p error_p Theta q error_q u error_u mag error_mag
57.0 5.0 1288.4 670.8 278.728 32.7403 0.04705 0.01156 0.1161 0.0417 0.01179 -0.02179 0.01068 16.58451 0.0505
57.0 7.0 1292.4 675.6 278.72807 32.74031 0.02813 0.00974 0.191 0.00933 0.01088 -0.02654 0.00958 16.58782 0.04777
57.0 19.0 1293.6 670.1 278.7281 32.74017 0.02898 0.01005 0.1552 0.02701 0.01023 -0.01051 0.00879 16.60051 0.05335
57.0 23.0 1291.1 672.4 278.72808 32.74027 0.04753 0.01596 0.1526 0.04066 0.01674 -0.0246 0.0136 16.4191 0.06494
57.0 29.0 1292.4 674.4 278.72812 32.74016 0.03177 0.01207 0.1961 0.01982 0.01312 -0.02483 0.01136 16.6133 0.06795
57.0 33.0 1293.6 670.9 278.7281 32.74016 0.03995 0.01112 0.1298 0.03351 0.01163 -0.02176 0.00979 16.6179 0.10113
57.0 38.0 1287.6 671.3 278.72819 32.74016 0.06168 0.0169 0.1512 0.02551 0.01909 -0.05616 0.01642 16.43155 0.0963
57.0 48.0 1290.9 672.1 278.72813 32.7402 0.04114 0.01051 0.1306 0.02708 0.01149 -0.03097 0.00969 16.5887 0.09365
57.0 49.0 1295.9 672.9 278.72808 32.74008 0.06804 0.01443 0.0983 0.05936 0.01488 -0.03326 0.01286 16.61566 0.09405
