ObjectNo Epoch X-coord Y-coord RA Dec p error_p Theta q error_q u error_u mag error_mag
100.0 1.0 358.7 1658.9 278.85865 32.62323 0.00673 0.00145 0.1373 0.00645 0.0014 -0.00193 0.00188 14.52937 0.02954
100.0 2.0 360.0 1664.1 278.85859 32.62326 0.00695 0.0016 0.1537 0.00685 0.00159 -0.00114 0.00215 14.52487 0.02247
100.0 3.0 363.4 1658.4 278.85862 32.62325 0.01461 0.00307 0.1422 0.01461 0.00307 0.0001 0.00416 14.14684 0.01791
100.0 5.0 358.2 1659.6 278.85834 32.62345 0.00723 0.00148 0.1446 0.00696 0.00141 -0.00198 0.00214 14.5631 0.0188
100.0 7.0 361.2 1663.9 278.85834 32.62345 0.01378 0.0016 0.0844 0.01378 0.0016 -0.00034 0.00233 14.5649 0.01641
100.0 8.0 364.4 1661.1 278.85865 32.62324 0.02975 0.00155 0.035 0.02848 0.00148 -0.00861 0.00213 14.47983 0.02784
100.0 10.0 364.4 1659.1 278.85854 32.62326 0.03223 0.00147 0.031 0.03166 0.00145 -0.00602 0.00202 14.41568 0.03376
100.0 11.0 358.1 1652.1 278.85855 32.62326 0.02057 0.00243 0.0834 0.02053 0.00242 0.00132 0.00343 14.20454 0.031
100.0 12.0 355.5 1662.4 278.85861 32.62323 0.0225 0.0036 0.1015 0.02106 0.00341 -0.00791 0.00471 14.23922 0.05231
100.0 13.0 355.8 1656.6 278.8586 32.62321 0.01006 0.00371 0.225 0.00914 0.00345 -0.00422 0.00473 14.22133 0.04541
100.0 14.0 362.7 1659.1 278.85856 32.62326 0.0132 0.00421 0.1653 0.00983 0.00352 -0.00881 0.00494 14.27664 0.04639
100.0 15.0 360.7 1656.1 278.85863 32.62327 0.01866 0.00288 0.102 0.01809 0.00281 -0.00459 0.00386 14.17991 0.02199
100.0 16.0 360.9 1654.4 278.85861 32.62323 0.03173 0.00349 0.071 0.03039 0.00337 -0.00913 0.0046 14.63614 0.02459
100.0 17.0 353.8 1655.6 278.8586 32.62321 0.02065 0.00326 0.1114 0.01968 0.00308 -0.00626 0.00473 14.17761 0.02318
100.0 19.0 362.4 1658.1 278.85865 32.62323 0.02317 0.00158 0.0474 0.02291 0.00156 -0.00341 0.00221 14.40863 0.02987
100.0 21.0 362.2 1656.9 278.85836 32.6234 0.01869 0.00358 0.1312 0.01869 0.00358 5e-05 0.00491 14.62777 0.01258
100.0 22.0 357.1 1654.4 278.85864 32.62324 0.02759 0.00403 0.0961 0.02652 0.0039 -0.00758 0.0054 14.23369 0.03807
100.0 23.0 361.5 1660.9 278.85829 32.62348 0.01513 0.00216 0.0991 0.01496 0.00214 -0.00222 0.00301 14.69056 0.01629
100.0 25.0 359.1 1658.6 278.85863 32.62321 0.01232 0.00348 0.1714 0.01113 0.00323 -0.00528 0.00442 14.65461 0.02323
100.0 27.0 356.6 1650.1 278.8586 32.6232 0.01938 0.00304 0.109 0.01931 0.00303 -0.00169 0.00423 14.64714 0.01874
100.0 28.0 358.7 1658.1 278.85856 32.62322 0.02377 0.00311 0.0817 0.02204 0.00294 -0.00888 0.00401 14.64176 0.02275
100.0 29.0 362.0 1662.9 278.85861 32.62324 0.02073 0.00215 0.0668 0.0191 0.00199 -0.00805 0.00289 14.42123 0.03902
100.0 30.0 363.7 1654.6 278.85864 32.62323 0.02722 0.00359 0.095 0.02717 0.00359 -0.00157 0.00517 14.34369 0.09164
100.0 31.0 364.2 1663.4 278.85854 32.62325 0.03261 0.00439 0.0923 0.03146 0.00423 -0.00858 0.00613 14.30699 0.07354
100.0 32.0 359.4 1649.6 278.85858 32.62322 0.03062 0.00218 0.0487 0.03058 0.00217 -0.0017 0.00299 14.64835 0.03375
100.0 34.0 360.0 1658.1 278.85852 32.62324 0.02667 0.00341 0.0857 0.0255 0.00326 -0.00781 0.00467 14.34274 0.09431
100.0 35.0 361.0 1662.4 278.85833 32.62341 0.0089 0.00353 0.2835 0.00865 0.00341 -0.00209 0.00513 14.6404 0.03477
100.0 36.0 364.7 1655.4 278.85856 32.62329 0.02575 0.0044 0.1228 0.02549 0.00435 -0.00366 0.00636 14.61674 0.02631
100.0 37.0 348.8 1657.1 278.85828 32.62348 0.01497 0.00332 0.0937 0.00785 0.00244 0.01275 0.00359 14.60986 0.01424
100.0 38.0 357.2 1660.1 278.85859 32.62325 0.01491 0.00265 0.1093 0.013 0.00232 -0.0073 0.0035 14.65875 0.0268
100.0 40.0 354.2 1661.1 278.85827 32.62341 0.01104 0.00328 0.1956 0.01058 0.00315 0.00317 0.00441 14.56913 0.0346
100.0 41.0 359.2 1657.1 278.85864 32.62327 0.02238 0.00278 0.082 0.02197 0.00274 -0.00429 0.0037 14.16006 0.01979
100.0 42.0 360.2 1661.4 278.85835 32.62332 0.02239 0.00419 0.1115 0.01918 0.00365 -0.01156 0.0054 14.65603 0.02985
100.0 43.0 354.0 1657.4 278.85859 32.62324 0.01065 0.00393 0.2353 0.00992 0.00371 -0.00387 0.00518 14.24493 0.0743
100.0 44.0 352.7 1653.4 278.85861 32.62326 0.01928 0.00362 0.1206 0.01799 0.0034 0.00693 0.00481 14.66312 0.02374
100.0 45.0 366.7 1659.1 278.85861 32.62327 0.04211 0.00509 0.0751 0.03783 0.00463 -0.01848 0.00667 14.33179 0.08848
100.0 46.0 355.2 1656.9 278.85862 32.62324 0.01084 0.00403 0.2586 0.01055 0.00391 -0.0025 0.00569 14.64484 0.02404
100.0 52.0 365.2 1658.1 278.85859 32.6233 0.03525 0.00207 0.0332 0.02837 0.00169 0.02092 0.00263 14.4615 0.04599
100.0 53.0 368.2 1665.4 278.85821 32.62333 0.02927 0.00547 0.0732 0.01436 0.0036 -0.0255 0.00594 14.64158 0.03923
100.0 55.0 356.2 1656.6 278.85846 32.6233 0.03321 0.00539 0.1295 0.03263 0.00523 0.00619 0.0087 14.6429 0.04038
