ObjectNo Epoch X-coord Y-coord RA Dec p error_p Theta q error_q u error_u mag error_mag
75.0 1.0 1551.6 1264.0 278.69093 32.6703 0.01512 0.00416 0.0995 0.01511 0.00416 0.00035 0.00301 15.82866 0.03426
75.0 7.0 1554.1 1268.8 278.69113 32.6702 0.01461 0.00563 0.1425 0.01448 0.00566 -0.00193 0.00413 15.79436 0.02635
75.0 18.0 1547.6 1256.2 278.69094 32.67034 0.02962 0.00996 0.1318 0.02833 0.01015 -0.00864 0.00755 15.73983 0.09118
75.0 23.0 1553.4 1265.0 278.69112 32.6702 0.02336 0.00928 0.1186 -0.02335 0.00928 0.00056 0.00554 15.79517 0.03772
75.0 31.0 1554.6 1261.0 278.69101 32.67035 0.03514 0.01117 0.1983 0.01072 0.01422 -0.03346 0.0108 16.21054 0.34287
75.0 34.0 1551.9 1260.2 278.6909 32.67035 0.05428 0.00886 0.1035 0.00857 0.01129 -0.0536 0.00879 16.34615 0.46393
75.0 43.0 1546.4 1261.7 278.69089 32.67035 0.03722 0.00892 0.1704 0.00144 0.01269 -0.03719 0.00892 16.01641 0.32039
75.0 58.0 1554.6 1263.0 278.68984 32.66973 0.05535 0.01544 0.1554 -0.03018 0.01839 -0.0464 0.014 17.27786 1.46993
75.0 60.0 1552.1 1256.2 278.69111 32.67035 0.12986 0.02703 0.0931 -0.10257 0.03085 0.07963 0.01909 15.73117 0.08485
