ObjectNo Epoch X-coord Y-coord RA Dec p error_p Theta q error_q u error_u mag error_mag
32.0 0.0 510.3 1531.2 130.53888 70.83664 0.00938 0.00297 12.4732912 0.00878 0.00436664631039 0.0033 0.00543485050392 16.11148 0.04943
32.0 7.0 512.1 1543.7 130.53843 70.83651 0.01246 0.00446 0.232 0.012 0.00433 -0.00334 0.00588 16.03761 0.06681
32.0 8.0 506.1 1537.4 130.53858 70.83669 0.01053 0.00322 0.2096 0.01043 0.00319 0.00146 0.00444 16.07603 0.05044
32.0 10.0 523.8 1539.2 130.53866 70.83663 0.01194 0.00462 0.2202 0.0098 0.00392 0.00683 0.0058 16.10458 0.06089
32.0 14.0 512.4 1539.9 130.53851 70.83664 0.01425 0.0054 0.2387 0.01317 0.00506 0.00545 0.00706 16.03581 0.06364
32.0 15.0 507.4 1534.4 130.53856 70.83653 0.01948 0.00706 0.2538 0.01884 0.0068 -0.00498 0.01007 16.00701 0.06921
32.0 18.0 505.1 1535.7 130.53856 70.83652 0.06668 0.00964 0.0892 0.05912 0.00864 -0.03084 0.01264 16.23129 0.23329
32.0 24.0 507.6 1539.4 130.53912 70.8367 0.01811 0.00653 0.2118 0.01687 0.00631 -0.00657 0.00786 16.08339 0.07707
32.0 25.0 512.3 1533.7 130.5389 70.83652 0.05843 0.01881 0.1812 0.04786 0.01622 -0.03351 0.02322 16.02893 0.15897
