ObjectNo Epoch X-coord Y-coord RA Dec p error_p Theta q error_q u error_u mag error_mag
11.0 0.0 1393.3 241.3 353.50959 7.70045 0.03976 0.01625 -24.7861542174 0.02578 0.0184657114675 -0.03027 0.0151075610209 17.35301 0.24639
11.0 6.0 1386.8 243.6 353.50977 7.70044 0.03785 0.01841 -50.7526014927 -0.00755 0.0243 -0.03709 0.01813 17.41159 0.21876
11.0 7.0 1384.3 246.6 353.50988 7.70036 0.07316 0.02525 -19.4519171447 0.05694 0.02806 -0.04595 0.02019 17.20104 0.28869
11.0 9.0 1386.3 251.4 353.50975 7.70039 0.11267 0.03457 -6.44577519522 0.10983 0.03498 -0.02514 0.0253 17.07979 0.3046
11.0 10.0 1389.1 252.0 353.50953 7.70071 0.04758 0.01661 -10.4163727155 0.04447 0.01705 -0.01692 0.01322 17.57445 0.07471
11.0 11.0 1383.1 247.1 353.50953 7.70067 0.05564 0.01892 -13.7280687713 0.04937 0.01985 -0.02565 0.01495 17.49848 0.0901
11.0 15.0 1394.8 250.1 353.50965 7.70046 0.07621 0.01575 -32.3491971131 0.03258 0.02077 -0.0689 0.01439 17.50754 0.14022
11.0 16.0 1384.3 248.1 353.5095 7.70062 0.10529 0.02493 -2.85332981975 0.10477 0.025 -0.01048 0.01711 17.63074 0.10138
11.0 17.0 1387.6 245.8 353.50955 7.70056 0.18266 0.03286 3.90757216279 0.18096 0.033 0.02484 0.02385 17.28924 0.22764
