ObjectNo Epoch X-coord Y-coord RA Dec p error_p Theta q error_q u error_u mag error_mag
5.0 0.0 1243.8 685.4 291.8604 74.00887 0.01563 0.0062 -8.9667894938 0.01487 0.00715011188724 -0.00481 0.00631366771378 15.67417 0.02596
5.0 1.0 1242.8 682.4 291.86006 74.00886 0.01595 0.00601 -3.90757216279 0.0158 0.00602 -0.00217 0.00505 15.73224 0.03631
5.0 6.0 1239.6 681.1 291.8604 74.0087 0.01944 0.00797 -22.6891286872 0.01365 0.00865 -0.01383 0.00724 15.70804 0.04019
5.0 12.0 1245.1 685.4 291.86036 74.00886 0.01099 0.00516 -27.0951741317 0.00643 0.00571 -0.00891 0.00485 15.70922 0.03992
5.0 15.0 1243.3 688.2 291.85955 74.00863 0.08081 0.01228 -0.544309905374 0.0808 0.01228 -0.00153 0.00871 15.63507 0.0572
5.0 17.0 1243.6 685.4 291.85944 74.00866 0.0153 0.00507 -28.7968587833 0.0082 0.00562 -0.01292 0.00484 15.73634 0.03124
5.0 18.0 1239.6 695.6 291.85992 74.00947 0.04474 0.01296 8.64593312852 0.04271 0.0132 0.0133 0.01025 6.37634 2.46022
5.0 26.0 1241.4 683.6 291.8607 74.00893 0.07856 0.01682 7.07029919191 0.07618 0.01709 0.01919 0.01191 15.64932 0.11879
5.0 27.0 1242.6 683.1 291.86013 74.00902 0.06377 0.02274 44.593305195 0.0009 0.02602 0.06376 0.02273 15.58991 0.16491
