ObjectNo Epoch X-coord Y-coord RA Dec p error_p Theta q error_q u error_u mag error_mag
10.0 0.0 1370.4 583.4 249.48128 57.39303 0.0192 0.00404 14.6791787113 0.01673 0.00541147854103 0.00941 0.00484381048349 16.59732 0.49627
10.0 1.0 1367.6 585.3 249.4812 57.39306 0.01857 0.00428 18.3804860678 0.01488 0.00458 0.01111 0.00368 16.48447 0.46357
10.0 18.0 1375.8 582.4 249.48131 57.39305 0.0224 0.01105 9.96373605733 0.02106 0.01133 0.00763 0.0086 16.22646 0.04794
10.0 21.0 1377.6 579.4 249.48139 57.39301 0.02972 0.01344 16.9251732682 0.02468 0.01438 0.01656 0.01108 1.46432 0.50448
10.0 22.0 1378.6 579.9 249.48136 57.39306 0.02995 0.01162 29.0375010572 0.01584 0.01338 0.02542 0.01086 1.73275 0.53301
10.0 23.0 1374.9 577.1 249.48137 57.39302 0.0172 0.00492 20.8098271192 0.01286 0.00536 0.01143 0.00429 nan nan
10.0 24.0 1375.1 584.4 249.48131 57.39305 0.06724 0.01473 17.9564972994 0.05445 0.01562 0.03944 0.01285 nan nan
10.0 25.0 1378.1 579.4 249.48133 57.39303 0.0158 0.00652 29.3354391107 0.00822 0.00749 0.0135 0.00612 nan nan
10.0 30.0 1373.1 591.3 249.48132 57.39297 0.01733 0.00545 8.0844344893 0.01664 0.00554 0.00482 0.00435 17.01755 0.83653
