ObjectNo Epoch X-coord Y-coord RA Dec p error_p Theta q error_q u error_u mag error_mag
9.0 0.0 1524.6 536.1 249.44732 57.39864 0.00406 0.001 -3.5065017062 0.00403 0.00354400902933 -0.0005 0.00349284983931 13.76064 0.06117
9.0 1.0 1521.6 537.3 249.44729 57.39873 0.00382 0.00102 8.72614721984 0.00365 0.00103 0.00115 0.00081 13.73987 0.05946
9.0 9.0 1524.1 533.0 249.44738 57.39867 0.00343 0.00108 0.773493023427 0.00343 0.00108 9e-05 0.00083 13.89368 0.14177
9.0 22.0 1533.1 532.8 249.44733 57.39869 0.00515 0.00216 -13.3900236722 0.0046 0.00228 -0.00232 0.00165 2.16356 0.82643
9.0 23.0 1529.4 529.2 249.44733 57.39866 0.00297 0.00094 26.1899008154 0.00181 0.00109 0.00235 0.00083 13.91637 0.17175
9.0 24.0 1529.4 537.3 249.44733 57.39866 0.00803 0.00235 -70.1586820138 -0.00618 0.00265 -0.00513 0.00183 14.10019 0.28049
9.0 25.0 1532.4 532.2 249.44741 57.39866 0.00234 0.00111 -40.5138456937 0.00037 0.00141 -0.00231 0.00111 13.96452 0.20485
9.0 30.0 1527.1 543.2 249.4474 57.39867 0.00575 0.00129 -3.22575238659 0.00572 0.0013 -0.00065 0.00101 13.77114 0.0764
9.0 40.0 1527.1 540.3 249.4473 57.3987 0.013 0.00118 -4.37166797685 0.01285 0.00118 -0.00198 0.00088 13.774 0.1051
