ObjectNo Epoch X-coord Y-coord RA Dec p error_p Theta q error_q u error_u mag error_mag
48.0 0.0 560.9 578.3 270.17275 38.86351 0.042 0.00911 6.32545405824 -0.03049 0.00828024758084 -0.02889 0.0111224143063 17.59801 0.06761
48.0 1.0 562.7 572.3 270.17278 38.86351 0.03046 0.00874 0.156 -0.02442 0.00769 -0.01821 0.01038 17.66864 0.07458
48.0 4.0 561.4 582.1 270.17297 38.86346 0.05571 0.0111 0.0747 -0.01527 0.00803 -0.05357 0.01131 17.72132 0.06854
48.0 6.0 561.7 575.3 270.17356 38.86363 0.02833 0.00991 0.212 -0.02593 0.00933 -0.01143 0.01247 17.81271 0.18209
48.0 8.0 568.4 578.1 270.17292 38.86341 0.07125 0.01342 0.0645 -0.01203 0.00903 -0.07022 0.01352 17.66864 0.07721
48.0 12.0 566.7 582.3 270.17234 38.86351 0.04398 0.01108 0.0931 -0.01189 0.00789 -0.04234 0.0113 17.70913 0.10313
48.0 13.0 569.4 577.3 270.17276 38.86351 0.02794 0.0067 0.1644 -0.02793 0.0067 0.00077 0.00919 17.71824 0.07384
48.0 26.0 566.6 576.6 270.17288 38.86337 0.13741 0.03136 0.0802 0.03995 0.02086 -0.13148 0.03216 17.38521 0.23503
48.0 30.0 568.9 582.3 270.17287 38.86338 0.24933 0.03408 0.0693 0.18225 0.03057 -0.17015 0.03771 17.40525 0.32525
