ObjectNo Epoch X-coord Y-coord RA Dec p error_p Theta q error_q u error_u mag error_mag
0.0 0.0 426.8 250.9 180.91062 60.61586 0.00911 0.0034 -66.3599718321 -0.00618 0.00436037842394 -0.00669 0.00515891461453 14.87776 0.04007
0.0 3.0 432.3 251.4 180.9107 60.61638 0.00869 0.00321 89.1751512342 -0.00868 0.00321 0.00025 0.00452 14.86815 0.04175
0.0 4.0 422.8 255.7 180.91044 60.61543 0.00915 0.00304 -62.9737912628 -0.00537 0.00237 -0.00741 0.00334 14.87393 0.04239
0.0 5.0 427.0 255.7 180.91084 60.61587 0.01355 0.00296 -81.4344914219 -0.01295 0.00283 -0.00399 0.00407 14.86701 0.04145
0.0 6.0 425.2 244.1 180.91066 60.61638 0.01163 0.00449 -65.5062647173 -0.00763 0.00338 -0.00877 0.00517 14.85195 0.04452
0.0 8.0 425.0 249.6 180.91017 60.61638 0.01192 0.00392 -73.9917696632 -0.01011 0.00343 -0.00632 0.00494 14.85588 0.04953
0.0 9.0 427.5 259.6 180.90982 60.61523 0.00979 0.00402 -85.7431340413 -0.00968 0.00397 -0.00145 0.00601 14.85068 0.05581
0.0 10.0 428.2 252.9 180.9104 60.61651 0.01317 0.00458 80.6438096647 -0.01248 0.0043 0.00423 0.00656 14.8557 0.05146
0.0 14.0 426.0 249.9 180.91085 60.61627 0.01677 0.00384 -77.899341826 -0.0153 0.00356 -0.00688 0.00499 14.82242 0.06783
