ObjectNo Epoch X-coord Y-coord RA Dec p error_p Theta q error_q u error_u mag error_mag
35.0 8.0 710.1 1598.4 238.96812 11.12448 0.03359 0.01119 0.1643 0.00187 0.01104 -0.03353 0.01119 15.45427 0.0823
35.0 30.0 710.3 1596.4 238.96807 11.12451 0.03005 0.01126 0.1712 -0.01166 0.01007 -0.02769 0.01146 15.44385 0.05784
35.0 36.0 711.1 1584.9 238.96813 11.12452 0.06226 0.01543 0.106 -0.007 0.01317 -0.06187 0.01545 15.47256 0.08334
35.0 58.0 715.6 1598.2 238.96842 11.1238 0.0833 0.02261 0.1129 -0.00293 0.0188 -0.08324 0.02261 15.56556 0.05674
35.0 68.0 719.4 1597.4 238.96826 11.12375 0.10322 0.03208 0.1248 0.0145 0.02562 0.1022 0.0322 15.3725 0.11755
35.0 83.0 705.6 1596.4 238.96819 11.12433 0.14282 0.03176 0.088 0.00772 0.02511 0.14261 0.03177 15.38889 0.15629
35.0 89.0 710.1 1594.4 238.96831 11.12378 0.07337 0.02189 0.1491 0.05184 0.02013 -0.05191 0.0235 0.66094 1.26264
35.0 94.0 705.6 1595.7 238.96698 11.125 0.13784 0.03833 0.1089 0.01969 0.02981 0.13642 0.03849 15.36766 0.15707
35.0 99.0 699.4 1587.7 238.96715 11.12503 0.23318 0.03151 0.096 -0.22928 0.03094 -0.04247 0.04517 15.17004 0.13187
