ObjectNo Epoch X-coord Y-coord RA Dec p error_p Theta q error_q u error_u mag error_mag
40.0 0.0 305.0 731.3 292.05519 61.32901 0.01316 0.0019 36.6979467781 0.00376 0.00358602844384 0.01261 0.00391950251945 13.99828 0.02478
40.0 2.0 308.8 734.3 292.05489 61.32893 0.0064 0.00099 88.2125821383 -0.00639 0.00099 0.0004 0.00158 13.99792 0.02386
40.0 6.0 301.3 727.3 292.05494 61.32905 0.00944 0.00171 31.5527857779 0.00427 0.00084 0.00842 0.00187 14.00762 0.02029
40.0 7.0 292.2 728.6 292.05505 61.32904 0.01031 0.00146 3.44920592669 0.01024 0.00144 0.00124 0.00239 14.00632 0.02799
40.0 12.0 304.0 730.8 292.05496 61.32893 0.00335 0.00123 -86.5853820002 -0.00332 0.00122 -0.0004 0.00176 14.00497 0.01838
40.0 13.0 298.2 720.9 292.05489 61.32905 0.01048 0.00171 21.4801877395 0.00767 0.00084 0.00714 0.00234 14.02403 0.02342
40.0 19.0 305.8 731.8 292.05427 61.32893 0.01077 0.00127 54.832060994 -0.00362 0.00082 0.01015 0.00132 13.99874 0.03396
40.0 23.0 304.5 731.1 292.05477 61.32902 0.00576 0.00085 63.7415547083 -0.0035 0.00067 0.00457 0.00094 14.01646 0.0145
40.0 29.0 304.5 736.9 292.05476 61.32894 0.0071 0.00085 83.8294550056 -0.00693 0.00082 0.00152 0.00126 13.9953 0.02494
