ObjectNo Epoch X-coord Y-coord RA Dec p error_p Theta q error_q u error_u mag error_mag
13.0 0.0 422.8 830.3 192.21505 58.36711 0.0782 0.00516 1.3063437729 0.00635 0.00491553659329 0.07794 0.00618780251786 14.58916 0.14618
13.0 6.0 422.4 828.6 192.215 58.36713 0.07885 0.00859 0.0398 0.01899 0.00609 0.07652 0.00872 15.05305 0.45681
13.0 9.0 427.5 830.3 192.21497 58.3672 0.08564 0.00636 0.0241 0.00472 0.00411 0.08551 0.00636 15.08524 0.52196
13.0 11.0 430.5 835.3 192.21396 58.36676 0.08121 0.00487 0.0201 -0.00451 0.00326 0.08108 0.00488 14.72956 0.38034
13.0 13.0 425.5 835.3 192.21503 58.36711 0.07527 0.00551 0.0243 0.00347 0.00365 0.07519 0.00551 14.95709 0.47671
13.0 16.0 425.0 831.8 192.21496 58.36726 0.07716 0.00815 0.0326 -0.00489 0.00501 0.07701 0.00816 15.6364 0.85946
13.0 17.0 424.5 827.6 192.21508 58.36713 0.03004 0.01176 0.1163 -0.00181 0.00696 0.02999 0.01178 15.07618 0.57971
13.0 19.0 419.4 829.3 192.21501 58.36712 0.03024 0.00953 0.1118 0.01008 0.00627 0.02852 0.00986 15.04714 0.57142
13.0 24.0 426.8 831.8 192.21538 58.36715 0.13775 0.01415 0.0659 0.12476 0.0128 0.0584 0.01913 16.29825 1.55703
