ObjectNo Epoch X-coord Y-coord RA Dec p error_p Theta q error_q u error_u mag error_mag
15.0 0.0 1357.4 811.8 237.91726 58.13898 0.06876 0.01567 -8.80636131116 0.06554 0.0163083567535 -0.0208 0.0130313621698 16.82948 0.19097
15.0 3.0 1361.9 806.6 237.91718 58.139 0.02554 0.01199 -11.6768798648 0.02345 0.01233 -0.01012 0.00995 16.80649 0.20721
15.0 4.0 1362.1 808.3 237.91755 58.13916 0.03068 0.01215 -12.822795455 0.02766 0.01265 -0.01328 0.00967 16.9037 0.14893
15.0 11.0 1361.9 811.3 237.91754 58.13914 0.02468 0.01109 -21.5604018308 0.01802 0.01215 -0.01687 0.00973 16.91637 0.15363
15.0 13.0 1354.4 803.4 237.9171 58.1394 0.07719 0.01773 25.9664472753 0.04759 0.01984 0.06077 0.01631 16.50804 0.21945
15.0 14.0 1362.4 809.8 237.91716 58.139 0.0501 0.01887 2.00535228296 0.04998 0.01889 0.0035 0.0155 17.29091 0.1026
15.0 16.0 1360.6 808.6 237.91697 58.13907 0.09289 0.02498 -16.6043169029 0.07772 0.0266 -0.05088 0.02073 16.1896 0.2478
15.0 23.0 1364.9 809.1 237.91669 58.13889 0.0623 0.02331 -17.887742364 0.05055 0.02475 -0.03642 0.02025 17.37571 0.13832
15.0 38.0 1361.6 809.3 237.91723 58.13898 0.05616 0.02267 -2.09702553018 0.05601 0.0227 -0.0041 0.016 17.17149 0.09637
