ObjectNo Epoch X-coord Y-coord RA Dec p error_p Theta q error_q u error_u mag error_mag
8.0 0.0 1838.8 225.1 273.28531 31.83307 0.00613 0.00146 9.75747125108 0.00578 0.00372429859168 0.00205 0.00350222786238 13.08441 0.0167
8.0 2.0 1840.7 211.4 273.2846 31.83386 0.00394 0.00123 72.5822934872 -0.00323 0.00139 0.00225 0.00079 13.0499 0.01689
8.0 12.0 1840.2 225.3 273.2853 31.83304 0.00382 0.00102 9.59131349049 0.00361 0.00105 0.00126 0.00075 13.15847 0.01827
8.0 14.0 1836.2 224.9 273.28504 31.83328 0.00203 0.00066 28.6937263802 0.00109 0.00087 0.00171 0.00055 13.11153 0.01441
8.0 18.0 1842.8 228.6 273.28521 31.83322 0.00615 0.0011 15.8193647236 0.00524 0.00119 0.00323 0.0008 13.15405 0.01737
8.0 23.0 1838.8 222.6 273.28513 31.83314 0.0027 0.00088 26.8602614357 0.0016 0.00117 0.00218 0.00068 13.16329 0.01556
8.0 26.0 1842.0 224.1 273.28519 31.8332 0.00253 0.00081 60.0975431313 -0.00127 0.00114 0.00219 0.00067 13.19208 0.01694
8.0 42.0 1852.9 228.6 273.28519 31.83323 0.00218 0.00092 -26.9347459491 0.00129 0.00118 -0.00176 0.00075 13.19387 0.00982
8.0 65.0 1857.9 234.6 273.2845 31.83392 0.0222 0.00189 -78.2259277692 -0.02036 0.00201 -0.00887 0.00103 13.18341 0.01727
