ObjectNo Epoch X-coord Y-coord RA Dec p error_p Theta q error_q u error_u mag error_mag
61.0 10.0 188.1 270.8 272.46325 20.78298 0.07694 0.02841 0.0962 -0.01555 0.01389 0.07535 0.02887 17.26846 0.10045
61.0 28.0 184.3 270.8 272.46339 20.78323 0.05293 0.01456 0.0678 -0.00149 0.00717 -0.05291 0.01456 17.52179 0.10055
61.0 31.0 187.1 274.8 272.4633 20.78324 0.14207 0.01844 0.0347 -0.01848 0.00964 -0.14087 0.01855 17.43615 0.08954
61.0 32.0 187.3 270.8 272.46338 20.78328 0.09031 0.02071 0.0589 0.00488 0.0106 -0.09018 0.02073 17.45468 0.10377
61.0 33.0 178.8 268.8 272.46351 20.78312 0.06067 0.01796 0.0703 -0.01209 0.00787 -0.05945 0.01825 17.43418 0.09992
61.0 34.0 189.8 274.0 272.46344 20.78305 0.08899 0.02404 0.0663 0.01534 0.0112 -0.08766 0.02432 17.4081 0.10459
61.0 35.0 185.1 270.2 272.46342 20.78323 0.05265 0.01963 0.0952 -0.00363 0.00996 -0.05253 0.01967 17.4584 0.12523
61.0 36.0 185.6 273.2 272.46345 20.78305 0.03749 0.01331 0.3083 0.0352 0.01102 0.01292 0.02429 17.35132 0.08783
61.0 37.0 183.6 265.2 272.46345 20.78321 0.06028 0.01821 0.0777 -0.00078 0.00936 -0.06027 0.01821 17.48058 0.14093
