ObjectNo Epoch X-coord Y-coord RA Dec p error_p Theta q error_q u error_u mag error_mag
15.0 0.0 200.3 219.2 238.487 13.04656 0.01284 0.00448 53.1017284527 -0.00358 0.00424400754005 0.01233 0.00572818470373 15.40163 0.01709
15.0 3.0 202.1 229.8 238.48672 13.04611 0.01385 0.00577 52.6376326387 -0.00365 0.00306 0.01336 0.00592 15.39447 0.02727
15.0 4.0 201.4 212.2 238.48707 13.04683 0.00609 0.00236 81.8126435667 -0.00584 0.00219 0.00172 0.0038 15.32659 0.03337
15.0 9.0 203.4 226.2 238.4866 13.04642 0.00491 0.00233 73.4073527122 -0.00411 0.00189 0.00269 0.00314 15.28407 0.0215
15.0 11.0 207.9 215.8 238.48662 13.04625 0.0054 0.00234 -78.953584169 -0.005 0.00206 -0.00203 0.0036 15.43406 0.01664
15.0 13.0 205.6 222.2 238.48706 13.0465 0.00918 0.00346 71.8718258212 -0.0074 0.00256 0.00543 0.0047 15.31691 0.0387
15.0 16.0 195.9 220.5 238.48649 13.04629 0.01092 0.00341 62.4753179811 -0.00626 0.0021 0.00895 0.0039 15.32081 0.03911
15.0 17.0 201.6 219.5 238.48659 13.04619 0.0093 0.004 26.717021987 0.00554 0.00241 0.00747 0.00465 15.32279 0.03081
15.0 21.0 207.9 230.5 238.48664 13.04561 0.01996 0.00765 -48.5753618712 -0.00249 0.004 -0.0198 0.00769 15.38495 0.03174
